# id redshift FUV FUV_err NUV NUV_err BASS-g BASS-g_err BASS-r BASS-r_err WISE1 WISE1_err WISE2 WISE2_err WISE3 WISE3_err WISE4 WISE4_err PACS_blue PACS_blue_err PACS_green PACS_green_err PACS_red PACS_red_err
VFID0018 0.007 0.159 0.009 1.525 0.076 121.405 6.07 279.038 13.952 284.755 14.238 148.895 7.445 0.295 14.769 290.862 14.543 -2406.733 -120.337
VFID0087 0.0108 0.237 0.029 0.847 0.042 8.715 0.436 13.858 0.693 8.66 0.433 4.613 0.231 0.114 5.704 215.814 10.791 303.755 15.188
VFID0132 0.0021 0.796 0.04 1.099 0.055 6.104 0.305 9.422 0.471 6.025 0.301 3.755 0.188 0.124 6.19 162.06 8.103 151.042 7.552
VFID0187 0.0056 2.122 0.106 3.247 0.162 17.89 0.895 27.5 1.375 22.816 1.141 13.419 0.671 1.231 61.563 2067.34 103.367 2001.314 100.066
VFID0240 0.0056 0.495 0.074 2.5 0.125 258.723 12.936 532.824 26.641 675.069 33.753 352.882 17.644 1.071 53.564 1903.44 95.172 6364.721 318.236
VFID0488 0.0059 0.375 0.079 1.25 0.062 131.944 6.597 273.662 13.683 337.699 16.885 175.335 8.767 nan nan 765.357 38.268 1213.539 60.677
VFID0692 0.003 1.628 0.081 3.042 0.152 93.026 4.651 168.976 8.449 159.044 7.952 86.07 4.304 nan nan 702.583 35.129 1031.853 51.593
VFID0696 0.007 1.517 0.076 2.417 0.121 14.234 0.712 22.779 1.139 20.633 1.032 13.727 0.686 nan nan 2834.638 141.732 1896.632 94.832
VFID0711 0.0115 6.382 0.319 9.518 0.476 63.911 3.196 -21.446 0.022 43.5 2.175 -606.68 0.076 121.484 6074.198 109251.532 5462.577 60009.435 3000.472
VFID0712 0.0111 7.649 0.382 11.353 0.568 64.313 3.216 -21.199 0.022 44.097 2.205 -606.296 0.076 109.449 5472.428 91759.521 4587.976 48921.901 2446.095
VFID0757 0.0085 1.761 0.088 2.506 0.125 10.278 0.514 50.611 2.531 11.119 0.556 6.543 0.327 nan nan 496.656 24.833 560.892 28.045
VFID0948 0.0055 3.777 0.189 4.641 0.232 19.9 0.995 29.565 1.478 20.954 1.048 11.704 0.585 nan nan 843.003 42.15 806.452 40.323
VFID0956 0.0055 0.976 0.049 4.61 0.23 140.145 7.007 261.794 13.09 310.539 15.527 165.359 8.268 nan nan 1974.971 98.749 2803.379 140.169
VFID0960 0.0045 4.754 0.238 6.024 0.301 25.24 1.262 35.736 1.787 26.959 1.348 18.375 0.919 4.457 222.829 4922.961 246.148 2448.286 122.414
VFID0976 0.0031 0.211 0.017 3.541 0.177 246.85 12.342 492.156 24.608 628.312 31.416 353.717 17.686 8.308 415.407 16692.821 834.641 16628.858 831.443
VFID1035 0.0051 nan nan 12.495 0.625 67.127 3.356 110.675 5.534 110.364 5.518 70.94 3.547 7.57 378.492 11695.716 584.786 9945.144 497.257
VFID1037 0.0098 2.482 0.124 3.307 0.165 12.946 0.647 18.518 0.926 13.312 0.666 7.627 0.381 nan nan 480.717 24.036 466.358 23.318
VFID1040 0.0063 2.382 0.119 3.12 0.156 16.879 0.844 25.172 1.259 15.8 0.79 7.852 0.393 nan nan 823.347 41.167 1013.296 50.665
VFID1046 0.0067 0.29 0.014 1.097 0.055 70.633 3.532 151.903 7.595 189.742 9.487 100.274 5.014 nan nan 598.429 29.921 978.889 48.944
VFID1097 0.0061 6.278 0.314 9.337 0.467 51.759 2.588 74.595 3.73 68.99 3.449 43.08 2.154 nan nan 10193.466 509.673 8685.197 434.26
VFID1098 0.0053 3.337 0.167 6.282 0.314 74.12 3.706 133.022 6.651 129.074 6.454 73.126 3.656 nan nan 4533.025 226.651 5754.362 287.718
VFID1173 0.0031 20.511 1.026 28.277 1.414 178.28 8.914 280.907 14.045 250.474 12.524 149.503 7.475 nan nan 15295.544 764.777 16360.41 818.02
VFID1175 0.005 1.453 0.073 3.32 0.166 64.031 3.202 122.095 6.105 132.824 6.641 84.037 4.202 nan nan 7429.877 371.494 8411.877 420.594
VFID1182 0.0042 2.395 0.12 5.471 0.274 146.066 7.303 289.272 14.464 351.838 17.592 194.991 9.75 1.576 78.805 nan nan -9065.496 -453.275
VFID1211 0.0091 2.934 0.147 2.872 0.144 4.706 0.235 5.158 0.258 2.018 0.101 1.111 0.056 0.136 6.824 110.583 5.529 64.248 3.212
VFID1212 0.0044 nan nan nan nan 252.826 12.641 506.08 25.304 565.807 28.29 320.08 16.004 nan nan 13678.849 683.942 19370.261 968.513
VFID1291 0.0072 nan nan nan nan 40.228 2.011 67.708 3.385 68.75 3.437 43.386 2.169 4.798 239.879 8506.957 425.348 8806.42 440.321
VFID1292 0.0068 nan nan nan nan 31.064 1.553 63.801 3.19 68.503 3.425 36.607 1.83 -0.05 -2.487 -76.664 -3.833 -44.531 -2.227
VFID1350 0.0075 0.321 0.03 0.649 0.032 11.67 0.584 22.456 1.123 30.924 1.546 19.155 0.958 nan nan 1929.406 96.47 1909.369 95.468
VFID1374 0.005 4.997 0.25 7.316 0.366 98.53 4.926 189.553 9.478 233.247 11.662 142.047 7.102 nan nan 18173.185 908.659 19314.39 965.719
VFID1609 0.0017 7.53 0.377 13.065 0.653 77.075 3.854 113.869 5.693 75.202 3.76 43.255 2.163 nan nan 2752.308 137.615 2893.067 144.653
VFID1643 0.0053 1.478 0.074 4.267 0.213 45.835 2.292 83.905 4.195 109.285 5.464 65.903 3.295 nan nan 7990.307 399.515 10889.559 544.478
VFID1670 0.0031 3.773 0.189 5.153 0.258 26.091 1.305 27.259 1.363 16.252 0.813 8.145 0.407 nan nan 723.937 36.197 632.03 31.601
VFID1729 0.0019 1.787 0.089 4.266 0.213 59.349 2.967 103.782 5.189 80.879 4.044 46.463 2.323 nan nan 5055.096 252.755 4008.046 200.402
VFID1754 0.0034 15.927 0.796 24.823 1.241 237.592 11.88 396.031 19.802 420.56 21.028 295.9 14.795 12.295 614.74 23008.567 1150.428 27612.169 1380.608
VFID1776 0.0047 25.163 1.258 35.224 1.761 220.025 11.001 352.461 17.623 309.114 15.456 181.087 9.054 6.171 308.553 13205.874 660.294 14896.868 744.843
VFID1783 0.0022 3.174 0.159 7.589 0.379 44.639 2.232 68.757 3.438 57.804 2.89 32.146 1.607 nan nan 414.309 20.715 1798.921 89.946
VFID1803 0.0043 2.056 0.103 4.877 0.244 32.662 1.633 52.859 2.643 49.078 2.454 28.845 1.442 nan nan 2405.319 120.266 3348.197 167.41
VFID1804 0.004 1.833 0.092 3.415 0.171 78.547 3.927 168.247 8.412 171.587 8.579 96.303 4.815 1.86 93.003 nan nan 3229.519 161.476
VFID1928 0.0099 1.669 0.083 2.645 0.132 51.58 2.579 105.101 5.255 152.38 7.619 93.673 4.684 4.241 212.054 nan nan 7423.191 371.16
VFID1933 0.0058 0.909 0.045 2.158 0.108 44.331 2.217 72.754 3.638 106.849 5.342 73.637 3.682 23.313 1165.627 26614.276 1330.714 17829.305 891.465
VFID1934 0.0069 0.94 0.047 1.469 0.073 10.301 0.515 16.282 0.814 13.993 0.7 8.422 0.421 nan nan 787.487 39.374 643.14 32.157
VFID1953 0.0088 0.593 0.032 1.154 0.058 40.958 2.048 88.78 4.439 116.835 5.842 72.339 3.617 2.383 119.169 nan nan 5158.76 257.938
VFID1999 0.0021 4.008 0.2 6.065 0.303 34.806 1.74 56.468 2.823 47.711 2.386 27.112 1.356 1.311 65.57 2720.964 136.048 2902.902 145.145
VFID2068 0.0088 0.026 0.019 0.159 0.008 12.132 0.607 23.144 1.157 26.453 1.323 14.532 0.727 0.082 4.098 nan nan 80.93 4.047
VFID2143 0.0069 nan nan nan nan 55.913 2.796 113.593 5.68 109.018 5.451 57.435 2.872 nan nan 4.757 0.238 20.63 1.032
VFID2157 0.0051 0.7 0.035 2.051 0.103 12.408 0.62 17.31 0.866 11.869 0.593 6.554 0.328 nan nan 414.213 20.711 431.253 21.563
VFID2254 0.006 2.78 0.139 3.873 0.194 21.95 1.097 30.567 1.528 28.055 1.403 18.857 0.943 nan nan 3235.485 161.774 2455.162 122.758
VFID2313 0.007 5.565 0.278 9.477 0.474 87.077 4.354 159.638 7.982 184.398 9.22 112.211 5.611 nan nan 14613.445 730.672 16656.201 832.81
VFID2324 0.0122 nan nan nan nan 9.181 0.459 19.478 0.974 42.2 2.11 28.516 1.426 1.455 72.755 nan nan 2649.051 132.453
VFID2372 0.006 4.989 0.249 8.117 0.406 59.52 2.976 99.219 4.961 120.272 6.014 78.445 3.922 nan nan 12926.95 646.347 11742.04 587.102
VFID2387 0.0081 5.843 0.292 7.368 0.368 28.838 1.442 42.191 2.11 31.63 1.582 20.772 1.039 nan nan 1910.02 95.501 2092.492 104.625
VFID2498 0.0083 nan nan nan nan 9.232 0.462 13.592 0.68 10.116 0.506 5.888 0.294 nan nan 553.106 27.655 492.773 24.639
VFID2535 0.0021 10.936 0.547 7.005 0.35 36.483 1.824 42.712 2.136 22.186 1.109 12.747 0.637 1.754 87.717 1789.538 89.477 1128.426 56.421
VFID2544 0.0065 2.366 0.118 5.597 0.28 30.973 1.549 47.365 2.368 37.689 1.884 22.91 1.145 nan nan 2916.214 145.811 2991.228 149.561
VFID2620 0.0051 0.586 0.03 1.973 0.099 27.328 1.366 50.592 2.53 60.823 3.041 54.45 2.722 1.206 60.296 1709.071 85.454 1760.401 88.02
VFID2665 0.006 9.319 0.466 13.872 0.694 57.441 2.872 81.677 4.084 61.243 3.062 39.558 1.978 4.898 244.881 6146.302 307.315 4450.2 222.51
VFID2667 0.0058 14.807 0.74 21.394 1.07 74.7 3.735 103.466 5.173 79.834 3.992 50.79 2.539 6.141 307.034 8711.271 435.564 7154.136 357.707
VFID2670 0.0071 6.564 0.328 10.7 0.535 205.101 10.255 454.601 22.73 112.511 5.626 66.366 3.318 nan nan 7461.657 373.083 8223.194 411.16
VFID2677 0.0069 0.795 0.04 1.553 0.078 23.448 1.172 46.864 2.343 85.168 4.258 57.299 2.865 nan nan 13179.122 658.956 11383.366 569.168
VFID2723 0.0115 6.357 0.318 7.909 0.395 17.556 0.878 23.295 1.165 19.601 0.98 12.218 0.611 2.418 120.884 3212.225 160.611 2383.499 119.175
VFID2727 0.0111 1.286 0.064 2.625 0.131 22.762 1.138 41.889 2.094 54.421 2.721 34.888 1.744 4.834 241.713 6845.733 342.287 5123.687 256.184
