# id redshift FUV FUV_err NUV NUV_err decamDR1-g decamDR1-g_err decamDR1-r decamDR1-r_err decamDR1-z decamDR1-z_err WISE1 WISE1_err WISE2 WISE2_err WISE3 WISE3_err WISE4 WISE4_err PACS_blue PACS_blue_err PACS_green PACS_green_err PACS_red PACS_red_err
VFID2760 0.0131 0.908 0.045 2.271 0.114 30.554 1.528 55.449 2.772 72.932 3.647 42.438 2.122 1.347 67.361 nan nan 2840.844 142.042
VFID2764 0.0111 0.521 0.026 1.434 0.072 34.405 1.72 62.638 3.132 74.081 3.704 45.777 2.289 2.594 129.716 nan nan 3077.878 153.894
VFID2795 0.0045 0.706 0.035 2.992 0.15 23.223 1.161 37.281 1.864 28.866 1.443 16.739 0.837 nan nan 1227.337 61.367 1702.007 85.1
VFID2881 0.0032 2.053 0.103 3.113 0.156 27.919 1.396 44.85 2.242 34.832 1.742 19.418 0.971 nan nan 769.865 38.493 1041.525 52.076
VFID3019 0.0059 0.211 0.011 0.589 0.029 6.168 0.308 10.379 0.519 10.418 0.521 6.17 0.309 nan nan 187.374 9.369 212.598 10.63
VFID3026 0.0019 1.21 0.06 1.913 0.096 24.998 1.25 44.895 2.245 43.235 2.162 23.799 1.19 nan nan 1259.386 62.969 1278.5 63.925
VFID3084 0.0063 2.668 0.133 5.195 0.26 31.89 1.595 52.645 2.632 48.432 2.422 28.522 1.426 nan nan 2416.452 120.823 2221.283 111.064
VFID3105 0.0066 0.011 0.008 0.203 0.01 4.674 0.234 8.485 0.424 9.866 0.493 5.594 0.28 nan nan 299.532 14.977 296.585 14.829
VFID3156 0.0076 1.854 0.093 3.655 0.183 21.512 1.076 33.331 1.667 30.308 1.515 18.678 0.934 nan nan 2142.09 107.104 2094.228 104.711
VFID3174 0.0084 4.753 0.238 6.633 0.332 29.672 1.484 40.649 2.032 26.258 1.313 15.337 0.767 nan nan 1108.216 55.411 1235.548 61.777
VFID3221 0.0057 0.687 0.034 0.951 0.048 4.984 0.249 7.408 0.37 5.422 0.271 3.111 0.156 nan nan 268.349 13.417 182.919 9.146
VFID3253 0.0032 1.707 0.085 3.19 0.16 41.729 2.086 68.67 3.434 69.845 3.492 39.194 1.96 nan nan 4037.522 201.876 4483.432 224.172
VFID3300 0.0061 1.232 0.062 1.84 0.092 10.02 0.501 15.579 0.779 14.381 0.719 9.052 0.453 0.737 36.828 nan nan 544.325 27.216
VFID3459 0.0057 3.651 0.183 5.936 0.297 48.893 2.445 83.589 4.179 112.95 5.647 74.211 3.711 nan nan 16896.242 844.812 13644.157 682.208
VFID3502 0.0042 1.018 0.051 2.367 0.118 17.23 0.861 26.711 1.336 22.865 1.143 13.383 0.669 nan nan 862.676 43.134 1045.316 52.266
VFID3564 0.0049 2.514 0.126 4.134 0.207 35.637 1.782 57.967 2.898 54.168 2.708 31.896 1.595 nan nan 4679.236 233.962 5760.253 288.013
VFID3654 0.0062 1.642 0.082 2.242 0.112 9.189 0.459 12.381 0.619 7.684 0.384 4.535 0.227 0.256 12.819 nan nan 301.395 15.07
VFID3757 0.0031 5.725 0.286 7.391 0.37 28.108 1.405 38.638 1.932 22.907 1.145 13.071 0.654 nan nan 1321.896 66.095 1021.558 51.078
VFID3822 0.0073 1.899 0.095 2.617 0.131 17.955 0.898 29.103 1.455 23.695 1.185 13.435 0.672 nan nan 1158.889 57.944 1522.159 76.108
VFID3884 0.0098 5.165 0.258 8.091 0.405 32.03 1.601 46.064 2.303 38.434 1.922 24.796 1.24 4.227 211.349 5626.491 281.325 4675.132 233.757
VFID3891 0.0062 nan nan 4.669 0.233 25.689 1.284 38.834 1.942 34.34 1.717 20.399 1.02 nan nan 3250.958 162.548 3158.169 157.908
VFID3958 0.0064 6.175 0.309 8.423 0.421 50.525 2.526 78.15 3.907 74.786 3.739 47.274 2.364 nan nan 7369.245 368.462 7521.375 376.069
VFID3961 0.0056 0.244 0.012 0.509 0.025 9.554 0.478 17.084 0.854 18.2 0.91 10.698 0.535 nan nan 554.485 27.724 656.761 32.838
VFID3966 0.0038 4.27 0.214 11.248 0.562 99.366 4.968 167.926 8.396 152.136 7.607 91.014 4.551 nan nan 8456.423 422.821 9319.088 465.954
VFID3979 0.0039 0.642 0.047 3.893 0.195 251.991 12.6 502.587 25.129 538.737 26.937 293.51 14.676 nan nan 5793.52 289.676 7147.977 357.399
VFID3980 0.0058 3.725 0.186 8.468 0.423 55.511 2.776 87.266 4.363 78.281 3.914 46.56 2.328 nan nan 4325.224 216.261 4623.296 231.165
VFID3985 0.007 2.616 0.131 3.787 0.189 21.342 1.067 32.632 1.632 24.254 1.213 13.472 0.674 nan nan 991.825 49.591 958.641 47.932
VFID3993 0.0062 2.721 0.136 4.308 0.215 53.788 2.689 96.489 4.824 86.243 4.312 47.304 2.365 nan nan 1204.261 60.213 1054.322 52.716
VFID3994 0.0037 3.879 0.194 6.507 0.325 45.551 2.278 71.009 3.55 54.559 2.728 32.647 1.632 nan nan 3350.882 167.544 4145.822 207.291
VFID4016 0.0076 0.847 0.042 1.435 0.072 7.948 0.397 11.865 0.593 7.308 0.365 3.381 0.169 nan nan 263.173 13.159 244.073 12.204
VFID4029 0.0071 1.806 0.09 4.947 0.247 48.991 2.45 87.166 4.358 102.831 5.142 66.572 3.329 nan nan 14705.452 735.273 12675.93 633.796
VFID4046 0.0045 3.455 0.173 4.563 0.228 42.427 2.121 69.903 3.495 69.983 3.499 43.708 2.185 10.241 512.028 nan nan 6995.591 349.78
VFID4051 0.0071 -0.007 0.002 0.084 0.004 4.597 0.23 8.307 0.415 5.518 0.276 2.847 0.142 0.045 2.26 nan nan 3.245 0.162
VFID4057 0.0059 8.997 0.45 16.088 0.804 144.958 7.248 251.179 12.559 260.526 13.026 148.572 7.429 nan nan 12655.398 632.77 13205.644 660.282
VFID4092 0.001 0.822 0.041 1.373 0.069 8.789 0.439 14.206 0.71 12.772 0.639 7.796 0.39 nan nan 925.593 46.28 741.481 37.074
VFID4115 0.0034 0.729 0.046 1.396 0.07 22.66 1.133 39.566 1.978 38.953 1.948 22.593 1.13 nan nan 2222.464 111.123 2677.359 133.868
VFID4119 0.0037 24.992 1.25 51.403 2.57 485.529 24.276 812.429 40.621 786.809 39.34 460.376 23.019 23.346 1167.325 42851.325 2142.566 48798.56 2439.928
VFID4135 0.0037 3.237 0.162 5.215 0.261 32.612 1.631 50.733 2.537 50.562 2.528 33.098 1.655 nan nan 3322.264 166.113 4388.735 219.437
VFID4143 0.0036 1.353 0.068 4.478 0.224 54.571 2.729 93.285 4.664 86.964 4.348 49.715 2.486 nan nan 4510.371 225.519 5589.094 279.455
VFID4164 0.0035 0.812 0.041 1.998 0.1 17.022 0.851 28.237 1.412 22.413 1.121 12.896 0.645 nan nan 1007.654 50.383 1215.886 60.794
VFID4165 0.01 nan nan nan nan 32.453 1.623 58.944 2.947 74.429 3.721 46.897 2.345 5.37 268.51 8884.617 444.231 7888.699 394.435
VFID4168 0.0048 1.514 0.076 3.726 0.186 59.436 2.972 112.803 5.64 131.062 6.553 76.596 3.83 3.043 152.159 nan nan 7865.906 393.295
VFID4170 0.0036 2.06 0.103 4.859 0.243 35.699 1.785 53.235 2.662 41.451 2.073 25.753 1.288 nan nan 2220.707 111.035 2487.631 124.382
VFID4177 0.008 1.53 0.076 3.062 0.153 21.239 1.062 34.775 1.739 37.443 1.872 24.805 1.24 2.944 147.204 4016.798 200.84 2910.296 145.515
VFID4179 0.0057 1.906 0.095 4.691 0.235 56.041 2.802 99.952 4.998 113.986 5.699 72.813 3.641 9.374 468.712 12920.595 646.03 9959.92 497.996
VFID4183 0.0042 0.284 0.014 2.061 0.103 131.35 6.568 260.994 13.05 312.624 15.631 174.908 8.745 nan nan 13104.25 655.212 12955.886 647.794
VFID4188 0.0036 1.836 0.092 2.927 0.146 19.061 0.953 30.079 1.504 22.992 1.15 13.878 0.694 nan nan 1538.406 76.92 1417.007 70.85
VFID4194 0.0038 -0.156 0.01 1.524 0.076 95.247 4.762 193.605 9.68 279.232 13.962 165.783 8.289 nan nan 12061.569 603.078 10721.634 536.082
VFID4203 0.0032 0.126 0.006 1.142 0.057 37.484 1.874 71.308 3.565 75.488 3.774 42.06 2.103 nan nan 3377.784 168.889 4090.899 204.545
VFID4220 0.0059 3.534 0.177 6.109 0.305 43.67 2.183 70.125 3.506 59.249 2.962 33.443 1.672 nan nan 1479.434 73.972 1710.142 85.507
VFID4226 0.0038 nan nan 14.291 0.715 87.36 4.368 137.511 6.876 126.936 6.347 74.36 3.718 nan nan 5068.916 253.446 5744.091 287.205
VFID4282 0.0043 12.074 0.604 24.346 1.217 432.35 21.618 845.57 42.279 1134.124 56.706 660.849 33.042 nan nan 65132.706 3256.635 81503.591 4075.18
VFID4283 0.0037 31.687 1.584 56.7 2.835 418.002 20.9 670.69 33.534 682.635 34.132 442.205 22.11 41.035 2051.735 76561.12 3828.056 81008.272 4050.414
VFID4291 0.0049 1.517 0.076 2.638 0.132 16.545 0.827 25.956 1.298 19.467 0.973 10.104 0.505 nan nan 759.943 37.997 783.068 39.153
VFID4311 0.0072 0.564 0.053 1.45 0.073 86.851 4.343 177.632 8.882 211.785 10.589 113.89 5.694 nan nan 422.403 21.12 799.959 39.998
VFID4321 0.0068 2.435 0.122 3.204 0.16 11.977 0.599 15.954 0.798 10.922 0.546 6.634 0.332 nan nan 900.488 45.024 627.938 31.397
VFID4334 0.0101 0.509 0.025 0.864 0.043 9.829 0.491 17.768 0.888 20.737 1.037 12.545 0.627 0.378 18.92 nan nan 1052.627 52.631
VFID4353 0.0041 5.09 0.254 9.622 0.481 101.291 5.065 176.702 8.835 191.244 9.562 115.189 5.759 4.979 248.968 nan nan 9134.804 456.74
VFID4382 0.0039 nan nan nan nan 122.072 6.104 215.361 10.768 209.604 10.48 116.571 5.829 nan nan 7588.149 379.407 10320.97 516.049
VFID4387 0.0058 7.307 0.365 14.791 0.74 117.869 5.893 194.454 9.723 184.052 9.203 108.217 5.411 nan nan 10144.88 507.244 14492.113 724.606
VFID4445 0.007 2.828 0.141 6.476 0.324 59.937 2.997 98.996 4.95 93.697 4.685 57.025 2.851 2.995 149.761 nan nan 6590.729 329.536
VFID4450 0.0043 2.36 0.118 3.559 0.178 42.015 2.101 71.069 3.553 58.562 2.928 30.726 1.536 nan nan 767.269 38.363 2234.774 111.739
VFID4453 0.0099 0.259 0.013 0.975 0.049 10.825 0.541 17.011 0.851 11.664 0.583 6.238 0.312 0.131 6.528 nan nan 195.149 9.757
VFID4464 0.005 0.442 0.022 1.065 0.053 16.293 0.815 29.299 1.465 38.8 1.94 23.307 1.165 1.213 60.628 nan nan 3237.985 161.899
VFID4473 0.0051 5.449 0.272 7.635 0.382 72.004 3.6 125.62 6.281 117.326 5.866 65.852 3.293 nan nan 3899.269 194.963 4173.609 208.68
VFID4479 0.0043 0.097 0.024 0.238 0.012 13.668 0.683 26.689 1.334 27.935 1.397 15.869 0.793 nan nan 721.369 36.068 899.012 44.951
VFID4496 0.0087 0.955 0.048 2.484 0.124 33.193 1.66 60.665 3.033 66.552 3.328 38.933 1.947 1.272 63.591 nan nan 3252.029 162.601
VFID4507 0.0037 14.596 0.73 21.992 1.1 200.469 10.023 327.995 16.4 330.222 16.511 208.982 10.449 nan nan 38787.787 1939.389 44807.484 2240.374
VFID4510 0.0035 0.515 0.026 1.984 0.099 51.406 2.57 102.615 5.131 172.117 8.606 106.788 5.339 6.752 337.598 nan nan 17066.185 853.309
VFID4723 0.004 3.406 0.17 9.225 0.461 667.019 33.351 1398.496 69.925 1909.415 95.471 1003.016 50.151 -0.689 -34.439 1943.058 97.153 82598.312 4129.916
VFID4731 0.0016 0.162 0.008 0.75 0.037 13.924 0.696 22.392 1.12 15.118 0.756 8.248 0.412 nan nan 101.615 5.081 150.062 7.503
VFID4778 0.007 2.042 0.102 4.064 0.203 33.309 1.665 50.977 2.549 36.01 1.801 19.767 0.988 0.788 39.422 nan nan 2040.111 102.006
VFID4810 0.0078 1.526 0.076 2.834 0.142 25.979 1.299 46.332 2.317 70.412 3.521 46.718 2.336 nan nan 9781.784 489.089 9317.573 465.879
VFID4816 0.0081 0.625 0.031 0.909 0.045 8.136 0.407 13.609 0.68 13.475 0.674 7.518 0.376 nan nan 512.804 25.64 548.331 27.417
VFID4845 0.0033 -0.236 0.008 1.017 0.051 44.476 2.224 78.689 3.934 72.548 3.627 42.607 2.13 nan nan 2514.838 125.742 2468.668 123.433
VFID4853 0.0046 0.125 0.006 0.608 0.03 19.313 0.966 38.352 1.918 64.265 3.213 41.466 2.073 nan nan 3164.749 158.237 3509.464 175.473
VFID4861 0.0045 3.163 0.158 11.371 0.569 390.873 19.544 765.398 38.27 877.28 43.864 490.289 24.514 5.216 260.784 10876.655 543.833 12354.639 617.732
VFID4886 0.0023 13.009 0.65 27.24 1.362 363.481 18.174 688.821 34.441 747.071 37.354 414.766 20.738 20.572 1028.621 30856.49 1542.825 27225.296 1361.265
VFID4949 0.0045 4.137 0.207 6.19 0.309 46.23 2.312 76.932 3.847 88.327 4.416 53.47 2.674 nan nan 6412.856 320.643 7044.216 352.211
VFID4961 0.0053 2.624 0.131 10.94 0.547 189.056 9.453 351.415 17.571 442.135 22.107 270.844 13.542 5.96 297.976 13425.251 671.263 16672.398 833.62
VFID4962 0.0044 2.682 0.134 12.728 0.636 219.777 10.989 404.959 20.248 513.271 25.664 313.175 15.659 24.656 1232.794 49751.764 2487.588 57240.718 2862.036
VFID5030 0.0066 2.404 0.12 4.279 0.214 23.726 1.186 33.768 1.688 28.645 1.432 17.178 0.859 nan nan 2873.415 143.671 2441.931 122.097
VFID5154 0.0051 10.759 0.538 14.276 0.714 67.85 3.393 95.788 4.789 61.234 3.062 34.675 1.734 nan nan 2889.896 144.495 3124.519 156.226
VFID5176 0.0095 2.244 0.112 4.684 0.234 33.694 1.685 55.354 2.768 47.595 2.38 28.027 1.401 nan nan 2424.752 121.238 2306.294 115.315
VFID5194 0.004 0.186 0.018 0.841 0.042 22.838 1.142 44.86 2.243 65.363 3.268 40.747 2.037 nan nan 5740.187 287.009 5077.864 253.893
VFID5222 0.0036 0.889 0.044 3.066 0.153 73.534 3.677 125.95 6.297 106.368 5.318 63.304 3.165 3.801 190.061 nan nan 5392.96 269.648
VFID5223 0.0088 0.89 0.044 2.633 0.132 32.781 1.639 59.88 2.994 74.03 3.702 42.225 2.111 nan nan 2398.368 119.918 2807.923 140.396
VFID5236 0.0065 0.301 0.015 0.788 0.039 20.817 1.041 43.373 2.169 74.66 3.733 45.172 2.259 1.79 89.506 nan nan 4537.462 226.873
VFID5241 0.0063 1.458 0.073 2.921 0.146 26.642 1.332 44.561 2.228 33.432 1.672 17.582 0.879 2.875 143.729 3551.117 177.556 2732.899 136.645
VFID5244 0.0064 1.103 0.055 2.272 0.114 24.636 1.232 43.229 2.161 42.633 2.132 24.684 1.234 2.102 105.122 nan nan 3305.578 165.279
VFID5257 0.0039 2.486 0.124 4.258 0.213 34.822 1.741 56.242 2.812 55.394 2.77 31.189 1.559 1.797 89.858 nan nan 4072.6 203.63
VFID5276 0.0051 0.193 0.01 0.83 0.041 44.457 2.223 92.825 4.641 128.015 6.401 70.643 3.532 1.436 71.814 nan nan 4947.647 247.382
VFID5292 0.0031 15.42 0.771 24.124 1.206 255.854 12.793 452.179 22.609 472.804 23.64 290.152 14.508 nan nan 51779.649 2588.982 58707.058 2935.353
VFID5324 0.0062 8.39 0.42 12.013 0.601 62.299 3.115 88.948 4.447 56.534 2.827 35.292 1.765 2.749 137.468 nan nan 3716.445 185.822
VFID5405 0.0091 0.267 0.024 0.351 0.018 5.924 0.296 10.835 0.542 9.993 0.5 5.538 0.277 nan nan 167.265 8.363 176.507 8.825
VFID5429 0.0074 1.855 0.093 3.815 0.191 27.939 1.397 45.556 2.278 41.456 2.073 24.248 1.212 0.823 41.16 nan nan 1879.091 93.955
VFID5432 0.01 0.59 0.034 0.789 0.039 7.494 0.375 12.061 0.603 9.906 0.495 5.836 0.292 nan nan 260.425 13.021 272.773 13.639
VFID5436 0.0056 0.328 0.016 0.667 0.033 6.086 0.304 9.846 0.492 7.496 0.375 4.332 0.217 nan nan 204.67 10.233 202.062 10.103
VFID5477 0.0094 0.996 0.05 2.584 0.129 20.67 1.034 33.237 1.662 25.447 1.272 14.872 0.744 nan nan 887.137 44.357 1054.287 52.714
VFID5508 0.0084 0.051 0.004 0.269 0.013 23.296 1.165 48.605 2.43 69.975 3.499 39.514 1.976 1.342 67.097 nan nan 2950.92 147.546
VFID5526 0.0042 2.418 0.121 3.865 0.193 17.101 0.855 23.749 1.187 12.878 0.644 6.148 0.307 0.332 16.617 nan nan 615.503 30.775
VFID5532 0.0063 1.261 0.063 2.29 0.115 20.613 1.031 36.533 1.827 54.191 2.71 33.287 1.664 1.471 73.569 nan nan 3347.723 167.386
VFID5544 0.0049 nan nan 2.728 0.136 16.536 0.827 24.991 1.25 19.256 0.963 10.957 0.548 nan nan 1019.536 50.977 1035.222 51.761
VFID5546 0.0039 0.628 0.031 1.466 0.073 16.5 0.825 29.662 1.483 27.386 1.369 15.533 0.777 1.175 58.766 1907.328 95.366 1853.519 92.676
VFID5573 0.0088 0.449 0.022 1.342 0.067 27.686 1.384 54.959 2.748 79.155 3.958 49.667 2.483 4.62 230.993 nan nan 5647.173 282.359
VFID5582 0.0064 0.405 0.02 0.962 0.048 31.823 1.591 66.731 3.337 95.798 4.79 55.052 2.753 1.692 84.597 nan nan 4176.841 208.842
VFID5625 0.007 0.356 0.018 0.591 0.03 4.277 0.214 6.641 0.332 4.528 0.226 2.295 0.115 0.006 0.303 nan nan 80.086 4.004
VFID5627 0.0086 0.627 0.031 1.17 0.058 9.753 0.488 15.539 0.777 12.279 0.614 6.547 0.327 0.088 4.381 nan nan 407.002 20.35
VFID5632 0.0039 1.953 0.098 2.91 0.145 18.738 0.937 27.789 1.389 17.821 0.891 10.399 0.52 0.136 6.798 nan nan 459.502 22.975
VFID5637 0.0054 2.426 0.121 3.376 0.169 14.12 0.706 19.871 0.994 12.602 0.63 7.351 0.368 0.598 29.892 nan nan 651.599 32.58
VFID5652 0.0032 10.839 0.542 16.534 0.827 60.32 3.016 83.64 4.182 65.473 3.274 42.809 2.14 nan nan 10784.046 539.202 8159.155 407.958
VFID5676 0.0038 3.263 0.163 4.708 0.235 49.593 2.48 81.892 4.095 67.174 3.359 37.717 1.886 nan nan 3310.186 165.509 4065.469 203.273
VFID5713 0.0111 0.742 0.037 1.522 0.076 16.237 0.812 28.883 1.444 30.085 1.504 16.807 0.84 nan nan 1234.673 61.734 1428.174 71.409
VFID5743 0.0043 1.194 0.06 2.219 0.111 14.223 0.711 20.98 1.049 13.975 0.699 6.97 0.349 0.529 26.456 884.205 44.21 1161.297 58.065
VFID5759 0.0064 2.716 0.136 3.917 0.196 24.358 1.218 37.633 1.882 37.056 1.853 21.892 1.095 2.284 114.2 nan nan 4024.661 201.233
VFID5776 0.0085 0.374 0.019 0.616 0.031 5.967 0.298 9.985 0.499 9.346 0.467 5.611 0.281 nan nan 481.993 24.1 482.391 24.12
VFID5842 0.0061 0.369 0.018 0.849 0.042 26.945 1.347 54.488 2.724 68.693 3.435 38.224 1.911 nan nan 2209.464 110.473 3168.793 158.44
VFID5846 0.0039 13.867 0.693 18.712 0.936 67.684 3.384 92.886 4.644 67.425 3.371 41.615 2.081 nan nan 4575.311 228.766 4622.254 231.113
VFID5852 0.0072 0.293 0.025 1.59 0.079 61.728 3.086 123.315 6.166 128.481 6.424 72.385 3.619 0.667 33.362 nan nan 1929.452 96.473
VFID5855 0.0045 1.192 0.06 1.948 0.097 18.06 0.903 30.598 1.53 28.46 1.423 15.63 0.782 nan nan 978.372 48.919 1212.559 60.628
VFID5889 0.0042 11.824 0.591 17.394 0.87 193.494 9.675 326.97 16.348 304.38 15.219 168.126 8.406 nan nan 8200.985 410.049 11317.3 565.865
VFID5905 0.0072 0.469 0.023 1.089 0.054 21.426 1.071 41.073 2.054 58.38 2.919 35.242 1.762 nan nan 4374.04 218.702 4687.432 234.372
VFID5960 0.0034 40.998 2.05 70.217 3.511 436.635 21.832 690.423 34.521 716.482 35.824 441.387 22.069 29.544 1477.201 nan nan 47809.043 2390.452
VFID5962 0.0038 4.31 0.215 6.85 0.343 24.439 1.222 32.992 1.65 22.942 1.147 14.144 0.707 2.019 100.969 2716.787 135.839 2062.101 103.105
VFID5964 0.0065 11.306 0.565 16.583 0.829 69.886 3.494 96.792 4.84 64.961 3.248 38.588 1.929 nan nan 2791.917 139.596 2734.021 136.701
VFID5988 0.0046 6.046 0.302 9.552 0.478 58.029 2.901 89.506 4.475 96.549 4.827 63.581 3.179 nan nan 9413.118 470.656 8755.232 437.762
VFID5992 0.0096 2.852 0.143 4.135 0.207 29.719 1.486 48.96 2.448 83.817 4.191 48.194 2.41 nan nan 1873.609 93.68 2116.914 105.846
VFID5995 0.0101 0.112 0.006 0.317 0.016 6.053 0.303 11.47 0.574 15.17 0.759 8.294 0.415 0.116 5.822 nan nan 391.32 19.566
VFID6023 0.0089 2.248 0.112 4.292 0.215 32.811 1.641 53.96 2.698 50.587 2.529 30.825 1.541 2.71 135.514 4103.773 205.189 3425.434 171.272
VFID6028 0.0048 6.168 0.308 7.811 0.391 60.647 3.032 97.795 4.89 78.613 3.931 43.981 2.199 nan nan 1469.326 73.466 1891.143 94.557
VFID6048 0.0096 0.482 0.024 0.81 0.04 5.552 0.278 8.666 0.433 6.557 0.328 3.648 0.182 nan nan 170.513 8.526 174.919 8.746
VFID6056 0.0099 0.387 0.022 0.538 0.027 11.416 0.571 22.915 1.146 43.933 2.197 25.332 1.267 1.024 51.21 nan nan 2082.417 104.121
VFID6060 0.0082 2.853 0.143 3.874 0.194 23.754 1.188 36.932 1.847 31.728 1.586 19.537 0.977 1.801 90.061 nan nan 2931.2 146.56
VFID6091 0.0057 1.524 0.076 2.903 0.145 30.838 1.542 51.972 2.599 48.525 2.426 27.325 1.366 nan nan 1402.911 70.146 1858.552 92.928
VFID6093 0.0091 0.185 0.029 0.282 0.014 10.071 0.504 20.715 1.036 36.71 1.836 22.902 1.145 nan nan 1514.313 75.716 2215.355 110.768
VFID6098 0.0062 2.622 0.131 3.778 0.189 19.34 0.967 28.275 1.414 24.163 1.208 14.836 0.742 nan nan 1975.242 98.762 1512.685 75.634
VFID6179 0.0098 0.49 0.024 0.979 0.049 15.902 0.795 30.566 1.528 39.388 1.969 22.635 1.132 nan nan 2295.502 114.775 2088.122 104.406
VFID6182 0.0053 8.905 0.445 11.003 0.55 86.955 4.348 142.393 7.12 120.542 6.027 71.995 3.6 nan nan 7263.145 363.157 6619.454 330.973
VFID6185 0.0049 0.133 0.008 0.7 0.035 15.316 0.766 28.803 1.44 34.264 1.713 19.384 0.969 nan nan 783.874 39.194 1108.495 55.425
VFID6247 0.0043 4.521 0.226 7.183 0.359 39.89 1.994 61.367 3.068 56.092 2.805 33.835 1.692 nan nan 4038.589 201.929 3810.652 190.533
VFID6306 0.0054 6.283 0.314 9.763 0.488 34.384 1.719 49.957 2.498 44.338 2.217 27.674 1.384 nan nan 2338.477 116.924 2405.911 120.296
VFID6380 0.0062 5.172 0.259 7.472 0.374 32.029 1.601 44.087 2.204 27.545 1.377 16.365 0.818 nan nan 1635.678 81.784 1621.73 81.087
VFID6456 0.0064 0.003 0.004 0.334 0.017 8.05 0.402 14.545 0.727 14.568 0.728 8.464 0.423 nan nan 338.306 16.915 627.389 31.369
VFID6480 0.0046 0.783 0.039 2.506 0.125 43.912 2.196 82.07 4.103 93.237 4.662 55.033 2.752 nan nan 2628.676 131.434 3442.916 172.146
VFID6643 0.0048 3.587 0.179 6.291 0.315 51.455 2.573 81.752 4.088 69.027 3.451 40.947 2.047 nan nan 3678.748 183.937 3635.536 181.777
VFID6645 0.0028 17.45 0.872 40.188 2.009 677.651 33.883 934.947 46.747 1941.846 97.092 1153.935 57.697 65.976 3298.807 135105.557 6755.278 151218.994 7560.95
VFID6673 0.0053 3.983 0.199 9.677 0.484 104.15 5.207 178.037 8.902 202.925 10.146 131.785 6.589 25.408 1270.381 36448.784 1822.439 30374.718 1518.736
VFID6708 0.0029 11.67 0.583 15.746 0.787 62.226 3.111 86.874 4.344 59.001 2.95 35.044 1.752 nan nan 3493.795 174.69 3784.385 189.219
VFID6759 0.0063 10.413 0.521 21.384 1.069 196.106 9.805 344.381 17.219 431.288 21.564 260.519 13.026 nan nan 40371.149 2018.557 40446.82 2022.341
VFID6761 0.0081 6.68 0.334 9.1 0.455 71.452 3.573 112.473 5.624 86.556 4.328 49.524 2.476 nan nan 2820.777 141.039 3746.605 187.33
